image_width: 960
image_height: 600
camera_name: arducam_imx219
camera_matrix:
  rows: 3
  cols: 3
  data: [610.1293407355327, 0, 476.029130464189, 0, 614.460269432209, 297.7674435161735, 0, 0, 1]
distortion_model: plumb_bob
distortion_coefficients:
  rows: 1
  cols: 5
  data: [-0.08859533615476987, -0.02715816182131503, 0.0005203102665617005, -0.0003484307689392254, 0]
rectification_matrix:
  rows: 3
  cols: 3
  data: [1, 0, 0, 0, 1, 0, 0, 0, 1]
projection_matrix:
  rows: 3
  cols: 4
  data: [561.9731724045134, 0, 474.5678486908752, 0, 0, 599.8511152261453, 297.9243604738847, 0, 0, 0, 1, 0]
binning_x: 0
binning_y: 0
roi:
  x_offset: 0
  y_offset: 0
  height: 0
  width: 0
  do_rectify: false